26,1
26,3
79,35
21,3
21,2
21,1
21,0
20,3
20,2
20,1
19,3
19,2
19,1
12,3
12,2
12,1
11,3
11,2
11,1
10,3
10,2
10,1
9,3
9,2
9,1
8,3
8,2
8,1
7,13
7,12
7,11
7,10
7,9
7,8
7,7
7,6
7,5
7,4
7,3
7,1
6,6
6,5
6,4
6,3
6,2
6,1
6,0
4,83
4,82
4,81
4,80
4,79
4,78
4,77
4,76
4,75
4,74
4,73
4,72
4,71
4,70
4,69
4,68
4,67
4,66
18,1
4,65
4,64
18,3
4,40
4,39
4,1
3,3
3,2
3,1
0,0
13,1
13,3
14,1
14,3
0,9
79,34
79,33
79,32
79,31
79,30
79,29
79,28
79,27
79,26
79,25
79,24
79,23
79,22
79,21
79,20
79,19
79,18
79,17
79,16
79,15
79,14
